BfB = apply
Uni = apply
STU = apply
DarkHp = apply
DM = apply
VacStab = apply
BrInv = apply

[scan]
mHsm      = 125.09     125.09
mHa       =  1.      1000.
mHb       =  1.      1000.
mHp       = 65.      1000.
a1        =  -1.57079633 1.57079633
a2        =  -1.57079633 1.57079633
a3        =  -1.57079633 1.57079633
L2        =   0.         9.
L6        =   0.        17.
L8        = -26.        26.
m22sq     =   0.       1e6
mssq      =   0.       1e6
